1761930599622 0.02131784327709141 0
1761930599622 0.02131784327709141 0
1761930599622 0.02131784327709141 0
1761930599622 0.02131784327709141 0
1761930599622 0.02131784327709141 0
1761930599622 0.02131784327709141 0
1761930599622 0.02131784327709141 0
1761930599622 0.02131784327709141 0
1761930599622 0.02131784327709141 0
1761930599622 0.02131784327709141 0
1761930599622 0.02131784327709141 0
1761930599622 0.02131784327709141 0
1761930599622 0.02131784327709141 0
1761930599622 0.02131784327709141 0
1761930599622 0.02131784327709141 0
1761930599622 0.02131784327709141 0
